#include <iostream>
#include <ctime>
#include <Windows.h>
using namespace std;




void lvl_one()
{
	int lab[15][15] =
	{
		{0,1,0,0,0,0,0,0,0,0,0,0,0,0,0,},
		{0,1,0,1,0,0,1,0,1,1,1,1,0,0,0,},
		{0,1,1,1,0,0,1,0,1,0,0,0,0,0,0,},
		{0,0,0,1,1,1,1,1,1,1,0,0,0,0,0,},
		{0,1,1,1,0,0,1,0,0,1,1,0,0,0,0,},
		{0,1,0,0,0,0,0,0,0,0,1,1,0,0,0,},
		{0,1,0,1,1,1,0,0,0,0,0,1,0,0,0,},
		{0,1,0,0,0,1,0,0,0,0,0,0,0,0,0,},
		{0,1,1,1,1,1,0,0,0,0,0,0,1,1,0,},
		{0,1,0,0,0,0,0,0,0,0,0,1,1,0,0,},
		{0,1,0,0,1,0,0,0,0,0,1,1,1,0,0,},
		{0,1,1,1,1,1,0,0,0,1,1,0,1,0,0,},
		{0,0,0,0,1,0,0,1,1,1,0,0,1,1,0,},
		{0,0,0,0,1,1,1,1,0,0,0,0,0,1,1,},
		{0,0,0,0,0,0,0,0,0,0,0,0,0,0,1,}
	};
	
	for (int i = 0; i < 15; i++) 
	{
		for (int z = 0; z < 15; z++)
		{
			if (lab[i][z] == 1)
			{
				cout << "  ";
			}
			else if(lab[i][z] == 0)
			{
				cout << "# ";
			}
		}
		cout << endl;
	}
	Sleep(5000);
}

void lvl_two()
{
	int lab[20][20] =
	{
		{0,1,0,0,0,0,0,0,0,0,0,0,0,0,0,0,0,0,0,0},
		{0,1,0,0,0,0,0,0,0,0,0,0,0,0,0,0,0,0,0,0},
		{0,1,1,1,0,0,0,0,1,1,1,1,0,0,0,0,0,0,0,0},
		{0,1,0,0,0,0,0,1,1,0,0,1,0,1,0,0,0,0,0,0},
		{0,1,1,0,0,0,1,1,0,0,0,1,0,1,0,0,0,0,0,0},
		{0,0,1,1,1,1,1,0,0,0,0,1,1,1,1,0,0,0,0,0},
		{0,0,0,1,0,0,0,0,0,0,0,1,0,1,0,0,0,0,0,0},
		{0,1,1,1,1,1,1,0,0,1,1,1,0,1,1,0,0,0,0,0},
		{0,0,0,0,0,0,0,0,0,0,0,1,0,0,1,1,0,0,0,0},
		{0,0,0,0,0,1,1,1,1,0,1,1,0,0,0,1,1,0,0,0},
		{0,0,0,0,0,0,0,0,1,1,1,0,0,0,0,0,1,0,0,0},
		{0,0,0,1,1,0,0,0,0,1,0,0,0,0,0,0,1,0,0,0},
		{0,0,0,0,1,1,0,0,0,1,0,0,0,0,0,0,1,0,0,0},
		{0,0,0,0,0,1,1,0,0,0,0,0,0,1,1,1,1,0,0,0},
		{0,0,0,0,0,0,1,1,0,0,0,0,0,1,0,0,0,0,0,0},
		{0,0,0,0,0,0,0,1,1,1,1,1,1,1,1,0,0,0,0,0},
		{0,0,0,0,0,0,0,0,1,0,0,0,0,0,1,1,0,0,0,0},
		{0,0,0,0,0,0,0,0,1,0,0,0,0,0,0,1,1,0,0,0},
		{0,0,0,0,0,0,0,0,1,0,0,0,0,0,0,0,1,1,1,0},
		{0,0,0,0,0,0,0,0,0,0,0,0,0,0,0,0,0,0,1,0}

	};

	for (int i = 0; i < 20; i++)
	{
		for (int z = 0; z < 20; z++)
		{
			if (lab[i][z] == 1)
			{
				cout << "  ";
			}
			else if (lab[i][z] == 0)
			{
				cout << "# ";
			}
		}
		cout << endl;
	}
	Sleep(5000);
}

void lvl_three()
{
	int lab[30][30] =
	{
		{0,1,0,0,0,0,0,0,0,0,0,0,0,0,0,0,0,0,0,0,0,0,0,0,0,0,0,0,0,0},
		{0,1,0,0,0,0,0,0,0,0,0,0,1,0,0,0,0,0,0,0,0,0,0,0,0,0,0,0,0,0},
		{0,1,0,1,1,1,1,0,0,0,0,0,0,1,0,0,0,0,0,1,0,0,0,0,0,0,0,0,0,0},
		{0,1,1,0,0,0,1,1,1,1,0,0,0,0,1,1,0,0,1,0,0,0,0,0,0,0,0,0,0,0},
		{0,0,1,1,0,0,1,0,0,0,0,0,0,0,0,1,0,1,0,0,0,0,0,0,0,0,0,0,0,0},
		{0,0,0,1,1,0,1,0,0,0,0,0,0,0,0,1,1,1,0,0,0,0,0,0,0,0,0,0,0,0},
		{0,0,0,0,1,1,1,1,1,1,1,1,1,1,1,1,0,0,0,0,0,1,0,0,0,0,0,0,0,0},
		{0,0,0,0,0,0,0,0,0,0,1,0,0,0,0,1,0,0,0,0,1,0,0,0,0,0,0,0,0,0},
		{0,0,0,0,0,1,1,0,0,0,1,0,0,0,0,1,0,0,0,1,0,0,0,0,0,0,0,0,0,0},
		{0,0,0,0,0,0,1,1,0,0,1,0,0,0,0,1,0,0,1,0,0,0,0,0,0,0,0,0,0,0},
		{0,0,0,0,0,0,0,1,1,0,1,0,0,0,0,1,0,1,0,0,0,0,0,0,0,0,0,0,0,0},
		{0,0,0,0,0,0,0,0,1,1,1,0,0,1,1,1,1,0,0,0,0,0,0,0,1,0,0,0,0,0},
		{0,0,0,0,0,0,0,0,0,0,0,0,0,1,0,0,0,0,0,0,0,0,0,0,1,0,0,0,0,0},
		{0,0,0,0,0,0,0,0,0,0,0,0,0,1,0,0,0,0,0,0,1,1,1,1,1,0,0,0,0,0},
		{0,0,0,0,0,0,0,0,0,0,0,0,0,1,0,0,0,0,0,0,1,0,0,0,0,0,0,0,0,0},
		{0,0,0,0,0,0,0,0,0,0,0,0,0,1,0,0,0,0,0,0,1,0,0,0,0,0,0,0,0,0},
		{0,0,0,0,0,0,0,0,0,0,0,0,0,1,0,0,0,1,1,1,1,0,0,0,0,0,0,0,0,0},
		{0,0,0,0,0,0,0,0,0,1,1,1,1,1,0,0,0,1,0,0,0,0,0,0,0,0,0,0,0,0},
		{0,0,0,0,0,0,0,0,0,1,0,0,0,1,0,0,0,1,0,0,0,0,0,0,0,0,0,0,0,0},
		{0,0,0,0,0,0,0,0,0,1,0,0,0,1,1,1,1,1,1,1,1,0,0,0,0,0,0,0,0,0},
		{0,0,0,0,0,0,0,0,0,1,0,0,0,0,0,1,0,0,0,0,1,0,0,0,0,0,0,0,0,0},
		{0,0,0,0,1,1,1,1,1,1,0,0,0,0,0,1,0,0,0,0,1,0,0,0,0,0,0,0,0,0},
		{0,0,0,0,0,0,0,0,0,0,0,0,0,0,0,1,0,0,0,0,1,0,0,0,0,0,0,0,0,0},
		{0,0,0,0,0,0,0,0,0,0,0,0,1,1,1,1,0,0,0,0,1,1,1,1,1,0,0,0,0,0},
		{0,0,0,0,0,0,0,0,1,1,1,1,1,0,0,0,0,0,0,0,0,0,0,0,1,0,0,0,0,0},
		{0,0,0,0,0,0,0,0,1,0,0,0,0,0,0,0,0,0,0,0,0,0,0,0,1,0,0,0,0,0},
		{0,0,0,0,0,1,0,0,1,0,0,0,0,0,0,0,0,0,1,1,1,1,1,1,1,0,0,0,0,0},
		{0,0,0,0,0,1,0,0,1,0,0,0,0,0,0,0,0,0,1,0,0,0,0,0,0,0,0,0,0,0},
		{0,0,0,0,0,1,1,1,1,0,0,0,0,0,0,0,0,0,1,0,0,0,0,0,0,0,0,0,0,0},
		{0,0,0,0,0,0,0,0,0,0,0,0,0,0,0,0,0,0,1,0,0,0,0,0,0,0,0,0,0,0},



	};

	for (int i = 0; i < 30; i++)
	{
		for (int z = 0; z < 30; z++)
		{
			if (lab[i][z] == 1)
			{
				cout << "  ";
			}
			else if (lab[i][z] == 0)
			{
				cout << "# ";
			}
		}
		cout << endl;
	}
	Sleep(5000);
}

int main()
{
	setlocale(0, "");

	int vibor;

	cout << "[+] Программа - 'Лабиринт'" << endl << endl;
	cout << "[+] Размер карты: " << endl;
	cout << "[1] 15 x 15" << endl;
	cout << "[2] 20 x 20" << endl;
	cout << "[3] 30 x 30" << endl;
	cout << "[+] Выберите размер: ";

	cin >> vibor;

	switch (vibor)
	{
	case 1:
		lvl_one();
		break;	

	case 2:
		lvl_two();
		break;	

	case 3:
		lvl_three();
		break;

	default:
		exit;
		break;
	}
}